10451
1 1 1 1 1 1 1 1 1 1 1 1 1 1 1 1 1 1 1 1 1 1 1 1 1 1 1 1 0 0 
19 20 1 15 9 3 8 3 6 25 9 4 10 14 9 2 7 16 16 20 16 16 4 19 17 8 7 0 3 16 4 5 7 3 2 16 7 24 24 10 1 12 12 1 3 22 12 5 22 19 17 14 24 4 17 4 5 5 14 15 17 27 13 25 15 21 5 14 9 10 18 3 2 8 0 15 16 11 3 14 5 25 11 23 20 5 15 2 24 15 9 7 0 27 7 17 20 8 11 3 6 9 19 11 27 7 1 23 13 9 25 1 9 21 7 17 18 8 11 18 0 10 10 13 1 15 21 20 8 2 23 12 12 9 16 26 5 23 14 1 2 17 19 11 6 19 11 8 18 9 8 11 5 22 4 25 0 24 12 17 23 8 19 17 26 0 2 5 19 23 2 14 24 20 23 10 2 14 27 4 26 4 19 22 21 15 27 1 8 20 16 8 26 20 8 10 4 1 27 8 9041
1 1 1 1 1 1 1 1 1 1 1 1 1 1 1 1 1 1 1 1 1 1 1 1 1 1 1 1 0 0 
19 20 1 15 9 3 8 3 6 25 9 4 10 14 9 2 7 16 16 20 16 16 4 19 17 8 7 0 3 16 4 5 7 3 2 16 7 24 24 10 1 12 12 1 3 22 12 5 22 19 17 14 24 4 17 4 5 5 14 15 17 27 13 25 15 21 5 14 9 10 18 3 2 8 0 15 16 11 3 14 5 25 11 23 20 5 15 2 24 15 9 7 0 27 7 17 20 8 11 3 6 9 19 11 27 7 1 23 13 9 25 1 9 21 7 17 18 8 11 18 0 10 10 13 1 15 21 20 8 2 23 12 12 9 16 26 5 23 14 1 2 17 19 11 6 19 11 8 18 9 8 11 5 22 4 25 0 24 12 17 23 8 19 17 26 0 2 5 19 23 2 14 24 20 23 10 2 14 27 4 26 4 19 22 21 15 27 1 8 20 16 8 26 20 8 10 4 1 27 8 10789
1 1 1 1 1 1 1 1 1 1 1 1 1 1 1 1 1 1 1 1 1 1 1 1 1 1 1 1 0 0 
19 20 1 15 9 3 8 3 6 25 9 4 10 14 9 2 7 16 16 20 16 16 4 19 17 8 7 0 3 16 4 5 7 3 2 16 7 24 24 10 1 12 12 1 3 22 12 5 22 19 17 14 24 4 17 4 5 5 14 15 17 27 13 25 15 21 5 14 9 10 18 3 2 8 0 15 16 11 3 14 5 25 11 23 20 5 15 2 24 15 9 7 0 27 7 17 20 8 11 3 6 9 19 11 27 7 1 23 13 9 25 1 9 21 7 17 18 8 11 18 0 10 10 13 1 15 21 20 8 2 23 12 12 9 16 26 5 23 14 1 2 17 19 11 6 19 11 8 18 9 8 11 5 22 4 25 0 24 12 17 23 8 19 17 26 0 2 5 19 23 2 14 24 20 23 10 2 14 27 4 26 4 19 22 21 15 27 1 8 20 16 8 26 20 8 10 4 1 27 8 12468
1 1 1 1 1 1 1 1 1 1 1 1 1 1 1 1 1 1 1 1 1 1 1 1 1 1 1 1 0 0 
19 20 1 15 9 3 8 3 6 25 9 4 10 14 9 2 7 16 16 20 16 16 4 19 17 8 7 0 3 16 4 5 7 3 2 16 7 24 24 10 1 12 12 1 3 22 12 5 22 19 17 14 24 4 17 4 5 5 14 15 17 27 13 25 15 21 5 14 9 10 18 3 2 8 0 15 16 11 3 14 5 25 11 23 20 5 15 2 24 15 9 7 0 27 7 17 20 8 11 3 6 9 19 11 27 7 1 23 13 9 25 1 9 21 7 17 18 8 11 18 0 10 10 13 1 15 21 20 8 2 23 12 12 9 16 26 5 23 14 1 2 17 19 11 6 19 11 8 18 9 8 11 5 22 4 25 0 24 12 17 23 8 19 17 26 0 2 5 19 23 2 14 24 20 23 10 2 14 27 4 26 4 19 22 21 15 27 1 8 20 16 8 26 20 8 10 4 1 27 8 10225
1 1 1 1 1 1 1 1 1 1 1 1 1 1 1 1 1 1 1 1 1 1 1 1 1 1 1 1 0 0 
19 20 1 15 9 3 8 3 6 25 9 4 10 14 9 2 7 16 16 20 16 16 4 19 17 8 7 0 3 16 4 5 7 3 2 16 7 24 24 10 1 12 12 1 3 22 12 5 22 19 17 14 24 4 17 4 5 5 14 15 17 27 13 25 15 21 5 14 9 10 18 3 2 8 0 15 16 11 3 14 5 25 11 23 20 5 15 2 24 15 9 7 0 27 7 17 20 8 11 3 6 9 19 11 27 7 1 23 13 9 25 1 9 21 7 17 18 8 11 18 0 10 10 13 1 15 21 20 8 2 23 12 12 9 16 26 5 23 14 1 2 17 19 11 6 19 11 8 18 9 8 11 5 22 4 25 0 24 12 17 23 8 19 17 26 0 2 5 19 23 2 14 24 20 23 10 2 14 27 4 26 4 19 22 21 15 27 1 8 20 16 8 26 20 8 10 4 1 27 8 9316
1 1 1 1 1 1 1 1 1 1 1 1 1 1 1 1 1 1 1 1 1 1 1 1 1 1 1 1 0 0 
19 20 1 15 9 3 8 3 6 25 9 4 10 14 9 2 7 16 16 20 16 16 4 19 17 8 7 0 3 16 4 5 7 3 2 16 7 24 24 10 1 12 12 1 3 22 12 5 22 19 17 14 24 4 17 4 5 5 14 15 17 27 13 25 15 21 5 14 9 10 18 3 2 8 0 15 16 11 3 14 5 25 11 23 20 5 15 2 24 15 9 7 0 27 7 17 20 8 11 3 6 9 19 11 27 7 1 23 13 9 25 1 9 21 7 17 18 8 11 18 0 10 10 13 1 15 21 20 8 2 23 12 12 9 16 26 5 23 14 1 2 17 19 11 6 19 11 8 18 9 8 11 5 22 4 25 0 24 12 17 23 8 19 17 26 0 2 5 19 23 2 14 24 20 23 10 2 14 27 4 26 4 19 22 21 15 27 1 8 20 16 8 26 20 8 10 4 1 27 8 11255
1 1 1 1 1 1 1 1 1 1 1 1 1 1 1 1 1 1 1 1 1 1 1 1 1 1 1 1 0 0 
19 20 1 15 9 3 8 3 6 25 9 4 10 14 9 2 7 16 16 20 16 16 4 19 17 8 7 0 3 16 4 5 7 3 2 16 7 24 24 10 1 12 12 1 3 22 12 5 22 19 17 14 24 4 17 4 5 5 14 15 17 27 13 25 15 21 5 14 9 10 18 3 2 8 0 15 16 11 3 14 5 25 11 23 20 5 15 2 24 15 9 7 0 27 7 17 20 8 11 3 6 9 19 11 27 7 1 23 13 9 25 1 9 21 7 17 18 8 11 18 0 10 10 13 1 15 21 20 8 2 23 12 12 9 16 26 5 23 14 1 2 17 19 11 6 19 11 8 18 9 8 11 5 22 4 25 0 24 12 17 23 8 19 17 26 0 2 5 19 23 2 14 24 20 23 10 2 14 27 4 26 4 19 22 21 15 27 1 8 20 16 8 26 20 8 10 4 1 27 8 13251
1 1 1 1 1 1 1 1 1 1 1 1 1 1 1 1 1 1 1 1 1 1 1 1 1 1 1 1 0 0 
19 20 1 15 9 3 8 3 6 25 9 4 10 14 9 2 7 16 16 20 16 16 4 19 17 8 7 0 3 16 4 5 7 3 2 16 7 24 24 10 1 12 12 1 3 22 12 5 22 19 17 14 24 4 17 4 5 5 14 15 17 27 13 25 15 21 5 14 9 10 18 3 2 8 0 15 16 11 3 14 5 25 11 23 20 5 15 2 24 15 9 7 0 27 7 17 20 8 11 3 6 9 19 11 27 7 1 23 13 9 25 1 9 21 7 17 18 8 11 18 0 10 10 13 1 15 21 20 8 2 23 12 12 9 16 26 5 23 14 1 2 17 19 11 6 19 11 8 18 9 8 11 5 22 4 25 0 24 12 17 23 8 19 17 26 0 2 5 19 23 2 14 24 20 23 10 2 14 27 4 26 4 19 22 21 15 27 1 8 20 16 8 26 20 8 10 4 1 27 8 9959
1 1 1 1 1 1 1 1 1 1 1 1 1 1 1 1 1 1 1 1 1 1 1 1 1 1 1 1 0 0 
19 20 1 15 9 3 8 3 6 25 9 4 10 14 9 2 7 16 16 20 16 16 4 19 17 8 7 0 3 16 4 5 7 3 2 16 7 24 24 10 1 12 12 1 3 22 12 5 22 19 17 14 24 4 17 4 5 5 14 15 17 27 13 25 15 21 5 14 9 10 18 3 2 8 0 15 16 11 3 14 5 25 11 23 20 5 15 2 24 15 9 7 0 27 7 17 20 8 11 3 6 9 19 11 27 7 1 23 13 9 25 1 9 21 7 17 18 8 11 18 0 10 10 13 1 15 21 20 8 2 23 12 12 9 16 26 5 23 14 1 2 17 19 11 6 19 11 8 18 9 8 11 5 22 4 25 0 24 12 17 23 8 19 17 26 0 2 5 19 23 2 14 24 20 23 10 2 14 27 4 26 4 19 22 21 15 27 1 8 20 16 8 26 20 8 10 4 1 27 8 9041
1 1 1 1 1 1 1 1 1 1 1 1 1 1 1 1 1 1 1 1 1 1 1 1 1 1 1 1 0 0 
19 20 1 15 9 3 8 3 6 25 9 4 10 14 9 2 7 16 16 20 16 16 4 19 17 8 7 0 3 16 4 5 7 3 2 16 7 24 24 10 1 12 12 1 3 22 12 5 22 19 17 14 24 4 17 4 5 5 14 15 17 27 13 25 15 21 5 14 9 10 18 3 2 8 0 15 16 11 3 14 5 25 11 23 20 5 15 2 24 15 9 7 0 27 7 17 20 8 11 3 6 9 19 11 27 7 1 23 13 9 25 1 9 21 7 17 18 8 11 18 0 10 10 13 1 15 21 20 8 2 23 12 12 9 16 26 5 23 14 1 2 17 19 11 6 19 11 8 18 9 8 11 5 22 4 25 0 24 12 17 23 8 19 17 26 0 2 5 19 23 2 14 24 20 23 10 2 14 27 4 26 4 19 22 21 15 27 1 8 20 16 8 26 20 8 10 4 1 27 8 10819
1 1 1 1 1 1 1 1 1 1 1 1 1 1 1 1 1 1 1 1 1 1 1 1 1 1 1 1 0 0 
19 20 1 15 9 3 8 3 6 25 9 4 10 14 9 2 7 16 16 20 16 16 4 19 17 8 7 0 3 16 4 5 7 3 2 16 7 24 24 10 1 12 12 1 3 22 12 5 22 19 17 14 24 4 17 4 5 5 14 15 17 27 13 25 15 21 5 14 9 10 18 3 2 8 0 15 16 11 3 14 5 25 11 23 20 5 15 2 24 15 9 7 0 27 7 17 20 8 11 3 6 9 19 11 27 7 1 23 13 9 25 1 9 21 7 17 18 8 11 18 0 10 10 13 1 15 21 20 8 2 23 12 12 9 16 26 5 23 14 1 2 17 19 11 6 19 11 8 18 9 8 11 5 22 4 25 0 24 12 17 23 8 19 17 26 0 2 5 19 23 2 14 24 20 23 10 2 14 27 4 26 4 19 22 21 15 27 1 8 20 16 8 26 20 8 10 4 1 27 8 12190
1 1 1 1 1 1 1 1 1 1 1 1 1 1 1 1 1 1 1 1 1 1 1 1 1 1 1 1 0 0 
19 20 1 15 9 3 8 3 6 25 9 4 10 14 9 2 7 16 16 20 16 16 4 19 17 8 7 0 3 16 4 5 7 3 2 16 7 24 24 10 1 12 12 1 3 22 12 5 22 19 17 14 24 4 17 4 5 5 14 15 17 27 13 25 15 21 5 14 9 10 18 3 2 8 0 15 16 11 3 14 5 25 11 23 20 5 15 2 24 15 9 7 0 27 7 17 20 8 11 3 6 9 19 11 27 7 1 23 13 9 25 1 9 21 7 17 18 8 11 18 0 10 10 13 1 15 21 20 8 2 23 12 12 9 16 26 5 23 14 1 2 17 19 11 6 19 11 8 18 9 8 11 5 22 4 25 0 24 12 17 23 8 19 17 26 0 2 5 19 23 2 14 24 20 23 10 2 14 27 4 26 4 19 22 21 15 27 1 8 20 16 8 26 20 8 10 4 1 27 8 10037
1 1 1 1 1 1 1 1 1 1 1 1 1 1 1 1 1 1 1 1 1 1 1 1 1 1 1 1 0 0 
19 20 1 15 9 3 8 3 6 25 9 4 10 14 9 2 7 16 16 20 16 16 4 19 17 8 7 0 3 16 4 5 7 3 2 16 7 24 24 10 1 12 12 1 3 22 12 5 22 19 17 14 24 4 17 4 5 5 14 15 17 27 13 25 15 21 5 14 9 10 18 3 2 8 0 15 16 11 3 14 5 25 11 23 20 5 15 2 24 15 9 7 0 27 7 17 20 8 11 3 6 9 19 11 27 7 1 23 13 9 25 1 9 21 7 17 18 8 11 18 0 10 10 13 1 15 21 20 8 2 23 12 12 9 16 26 5 23 14 1 2 17 19 11 6 19 11 8 18 9 8 11 5 22 4 25 0 24 12 17 23 8 19 17 26 0 2 5 19 23 2 14 24 20 23 10 2 14 27 4 26 4 19 22 21 15 27 1 8 20 16 8 26 20 8 10 4 1 27 8 8685
1 1 1 1 1 1 1 1 1 1 1 1 1 1 1 1 1 1 1 1 1 1 1 1 1 1 1 1 0 0 
19 20 1 15 9 3 8 3 6 25 9 4 10 14 9 2 7 16 16 20 16 16 4 19 17 8 7 0 3 16 4 5 7 3 2 16 7 24 24 10 1 12 12 1 3 22 12 5 22 19 17 14 24 4 17 4 5 5 14 15 17 27 13 25 15 21 5 14 9 10 18 3 2 8 0 15 16 11 3 14 5 25 11 23 20 5 15 2 24 15 9 7 0 27 7 17 20 8 11 3 6 9 19 11 27 7 1 23 13 9 25 1 9 21 7 17 18 8 11 18 0 10 10 13 1 15 21 20 8 2 23 12 12 9 16 26 5 23 14 1 2 17 19 11 6 19 11 8 18 9 8 11 5 22 4 25 0 24 12 17 23 8 19 17 26 0 2 5 19 23 2 14 24 20 23 10 2 14 27 4 26 4 19 22 21 15 27 1 8 20 16 8 26 20 8 10 4 1 27 8 10805
1 1 1 1 1 1 1 1 1 1 1 1 1 1 1 1 1 1 1 1 1 1 1 1 1 1 1 1 0 0 
19 20 1 15 9 3 8 3 6 25 9 4 10 14 9 2 7 16 16 20 16 16 4 19 17 8 7 0 3 16 4 5 7 3 2 16 7 24 24 10 1 12 12 1 3 22 12 5 22 19 17 14 24 4 17 4 5 5 14 15 17 27 13 25 15 21 5 14 9 10 18 3 2 8 0 15 16 11 3 14 5 25 11 23 20 5 15 2 24 15 9 7 0 27 7 17 20 8 11 3 6 9 19 11 27 7 1 23 13 9 25 1 9 21 7 17 18 8 11 18 0 10 10 13 1 15 21 20 8 2 23 12 12 9 16 26 5 23 14 1 2 17 19 11 6 19 11 8 18 9 8 11 5 22 4 25 0 24 12 17 23 8 19 17 26 0 2 5 19 23 2 14 24 20 23 10 2 14 27 4 26 4 19 22 21 15 27 1 8 20 16 8 26 20 8 10 4 1 27 8 13480
1 1 1 1 1 1 1 1 1 1 1 1 1 1 1 1 1 1 1 1 1 1 1 1 1 1 1 1 0 0 
19 20 1 15 9 3 8 3 6 25 9 4 10 14 9 2 7 16 16 20 16 16 4 19 17 8 7 0 3 16 4 5 7 3 2 16 7 24 24 10 1 12 12 1 3 22 12 5 22 19 17 14 24 4 17 4 5 5 14 15 17 27 13 25 15 21 5 14 9 10 18 3 2 8 0 15 16 11 3 14 5 25 11 23 20 5 15 2 24 15 9 7 0 27 7 17 20 8 11 3 6 9 19 11 27 7 1 23 13 9 25 1 9 21 7 17 18 8 11 18 0 10 10 13 1 15 21 20 8 2 23 12 12 9 16 26 5 23 14 1 2 17 19 11 6 19 11 8 18 9 8 11 5 22 4 25 0 24 12 17 23 8 19 17 26 0 2 5 19 23 2 14 24 20 23 10 2 14 27 4 26 4 19 22 21 15 27 1 8 20 16 8 26 20 8 10 4 1 27 8 10906
1 1 1 1 1 1 1 1 1 1 1 1 1 1 1 1 1 1 1 1 1 1 1 1 1 1 1 1 0 0 
19 20 1 15 9 3 8 3 6 25 9 4 10 14 9 2 7 16 16 20 16 16 4 19 17 8 7 0 3 16 4 5 7 3 2 16 7 24 24 10 1 12 12 1 3 22 12 5 22 19 17 14 24 4 17 4 5 5 14 15 17 27 13 25 15 21 5 14 9 10 18 3 2 8 0 15 16 11 3 14 5 25 11 23 20 5 15 2 24 15 9 7 0 27 7 17 20 8 11 3 6 9 19 11 27 7 1 23 13 9 25 1 9 21 7 17 18 8 11 18 0 10 10 13 1 15 21 20 8 2 23 12 12 9 16 26 5 23 14 1 2 17 19 11 6 19 11 8 18 9 8 11 5 22 4 25 0 24 12 17 23 8 19 17 26 0 2 5 19 23 2 14 24 20 23 10 2 14 27 4 26 4 19 22 21 15 27 1 8 20 16 8 26 20 8 10 4 1 27 8 9273
1 1 1 1 1 1 1 1 1 1 1 1 1 1 1 1 1 1 1 1 1 1 1 1 1 1 1 1 0 0 
19 20 1 15 9 3 8 3 6 25 9 4 10 14 9 2 7 16 16 20 16 16 4 19 17 8 7 0 3 16 4 5 7 3 2 16 7 24 24 10 1 12 12 1 3 22 12 5 22 19 17 14 24 4 17 4 5 5 14 15 17 27 13 25 15 21 5 14 9 10 18 3 2 8 0 15 16 11 3 14 5 25 11 23 20 5 15 2 24 15 9 7 0 27 7 17 20 8 11 3 6 9 19 11 27 7 1 23 13 9 25 1 9 21 7 17 18 8 11 18 0 10 10 13 1 15 21 20 8 2 23 12 12 9 16 26 5 23 14 1 2 17 19 11 6 19 11 8 18 9 8 11 5 22 4 25 0 24 12 17 23 8 19 17 26 0 2 5 19 23 2 14 24 20 23 10 2 14 27 4 26 4 19 22 21 15 27 1 8 20 16 8 26 20 8 10 4 1 27 8 11805
1 1 1 1 1 1 1 1 1 1 1 1 1 1 1 1 1 1 1 1 1 1 1 1 1 1 1 1 0 0 
19 20 1 15 9 3 8 3 6 25 9 4 10 14 9 2 7 16 16 20 16 16 4 19 17 8 7 0 3 16 4 5 7 3 2 16 7 24 24 10 1 12 12 1 3 22 12 5 22 19 17 14 24 4 17 4 5 5 14 15 17 27 13 25 15 21 5 14 9 10 18 3 2 8 0 15 16 11 3 14 5 25 11 23 20 5 15 2 24 15 9 7 0 27 7 17 20 8 11 3 6 9 19 11 27 7 1 23 13 9 25 1 9 21 7 17 18 8 11 18 0 10 10 13 1 15 21 20 8 2 23 12 12 9 16 26 5 23 14 1 2 17 19 11 6 19 11 8 18 9 8 11 5 22 4 25 0 24 12 17 23 8 19 17 26 0 2 5 19 23 2 14 24 20 23 10 2 14 27 4 26 4 19 22 21 15 27 1 8 20 16 8 26 20 8 10 4 1 27 8 12847
1 1 1 1 1 1 1 1 1 1 1 1 1 1 1 1 1 1 1 1 1 1 1 1 1 1 1 1 0 0 
19 20 1 15 9 3 8 3 6 25 9 4 10 14 9 2 7 16 16 20 16 16 4 19 17 8 7 0 3 16 4 5 7 3 2 16 7 24 24 10 1 12 12 1 3 22 12 5 22 19 17 14 24 4 17 4 5 5 14 15 17 27 13 25 15 21 5 14 9 10 18 3 2 8 0 15 16 11 3 14 5 25 11 23 20 5 15 2 24 15 9 7 0 27 7 17 20 8 11 3 6 9 19 11 27 7 1 23 13 9 25 1 9 21 7 17 18 8 11 18 0 10 10 13 1 15 21 20 8 2 23 12 12 9 16 26 5 23 14 1 2 17 19 11 6 19 11 8 18 9 8 11 5 22 4 25 0 24 12 17 23 8 19 17 26 0 2 5 19 23 2 14 24 20 23 10 2 14 27 4 26 4 19 22 21 15 27 1 8 20 16 8 26 20 8 10 4 1 27 8 9961
1 1 1 1 1 1 1 1 1 1 1 1 1 1 1 1 1 1 1 1 1 1 1 1 1 1 1 1 0 0 
19 20 1 15 9 3 8 3 6 25 9 4 10 14 9 2 7 16 16 20 16 16 4 19 17 8 7 0 3 16 4 5 7 3 2 16 7 24 24 10 1 12 12 1 3 22 12 5 22 19 17 14 24 4 17 4 5 5 14 15 17 27 13 25 15 21 5 14 9 10 18 3 2 8 0 15 16 11 3 14 5 25 11 23 20 5 15 2 24 15 9 7 0 27 7 17 20 8 11 3 6 9 19 11 27 7 1 23 13 9 25 1 9 21 7 17 18 8 11 18 0 10 10 13 1 15 21 20 8 2 23 12 12 9 16 26 5 23 14 1 2 17 19 11 6 19 11 8 18 9 8 11 5 22 4 25 0 24 12 17 23 8 19 17 26 0 2 5 19 23 2 14 24 20 23 10 2 14 27 4 26 4 19 22 21 15 27 1 8 20 16 8 26 20 8 10 4 1 27 8 8537
1 1 1 1 1 1 1 1 1 1 1 1 1 1 1 1 1 1 1 1 1 1 1 1 1 1 1 1 0 0 
19 20 1 15 9 3 8 3 6 25 9 4 10 14 9 2 7 16 16 20 16 16 4 19 17 8 7 0 3 16 4 5 7 3 2 16 7 24 24 10 1 12 12 1 3 22 12 5 22 19 17 14 24 4 17 4 5 5 14 15 17 27 13 25 15 21 5 14 9 10 18 3 2 8 0 15 16 11 3 14 5 25 11 23 20 5 15 2 24 15 9 7 0 27 7 17 20 8 11 3 6 9 19 11 27 7 1 23 13 9 25 1 9 21 7 17 18 8 11 18 0 10 10 13 1 15 21 20 8 2 23 12 12 9 16 26 5 23 14 1 2 17 19 11 6 19 11 8 18 9 8 11 5 22 4 25 0 24 12 17 23 8 19 17 26 0 2 5 19 23 2 14 24 20 23 10 2 14 27 4 26 4 19 22 21 15 27 1 8 20 16 8 26 20 8 10 4 1 27 8 10675
1 1 1 1 1 1 1 1 1 1 1 1 1 1 1 1 1 1 1 1 1 1 1 1 1 1 1 1 0 0 
19 20 1 15 9 3 8 3 6 25 9 4 10 14 9 2 7 16 16 20 16 16 4 19 17 8 7 0 3 16 4 5 7 3 2 16 7 24 24 10 1 12 12 1 3 22 12 5 22 19 17 14 24 4 17 4 5 5 14 15 17 27 13 25 15 21 5 14 9 10 18 3 2 8 0 15 16 11 3 14 5 25 11 23 20 5 15 2 24 15 9 7 0 27 7 17 20 8 11 3 6 9 19 11 27 7 1 23 13 9 25 1 9 21 7 17 18 8 11 18 0 10 10 13 1 15 21 20 8 2 23 12 12 9 16 26 5 23 14 1 2 17 19 11 6 19 11 8 18 9 8 11 5 22 4 25 0 24 12 17 23 8 19 17 26 0 2 5 19 23 2 14 24 20 23 10 2 14 27 4 26 4 19 22 21 15 27 1 8 20 16 8 26 20 8 10 4 1 27 8 13889
1 1 1 1 1 1 1 1 1 1 1 1 1 1 1 1 1 1 1 1 1 1 1 1 1 1 1 1 0 0 
19 20 1 15 9 3 8 3 6 25 9 4 10 14 9 2 7 16 16 20 16 16 4 19 17 8 7 0 3 16 4 5 7 3 2 16 7 24 24 10 1 12 12 1 3 22 12 5 22 19 17 14 24 4 17 4 5 5 14 15 17 27 13 25 15 21 5 14 9 10 18 3 2 8 0 15 16 11 3 14 5 25 11 23 20 5 15 2 24 15 9 7 0 27 7 17 20 8 11 3 6 9 19 11 27 7 1 23 13 9 25 1 9 21 7 17 18 8 11 18 0 10 10 13 1 15 21 20 8 2 23 12 12 9 16 26 5 23 14 1 2 17 19 11 6 19 11 8 18 9 8 11 5 22 4 25 0 24 12 17 23 8 19 17 26 0 2 5 19 23 2 14 24 20 23 10 2 14 27 4 26 4 19 22 21 15 27 1 8 20 16 8 26 20 8 10 4 1 27 8 26437
1 1 1 1 1 1 1 1 1 1 1 1 1 1 1 1 1 1 1 1 1 1 1 1 1 1 1 1 0 0 
19 20 1 15 9 3 8 3 6 25 9 4 10 14 9 2 7 16 16 20 16 16 4 19 17 8 7 0 3 16 4 5 7 3 2 16 7 24 24 10 1 12 12 1 3 22 12 5 22 19 17 14 24 4 17 4 5 5 14 15 17 27 13 25 15 21 5 14 9 10 18 3 2 8 0 15 16 11 3 14 5 25 11 23 20 5 15 2 24 15 9 7 0 27 7 17 20 8 11 3 6 9 19 11 27 7 1 23 13 9 25 1 9 21 7 17 18 8 11 18 0 10 10 13 1 15 21 20 8 2 23 12 12 9 16 26 5 23 14 1 2 17 19 11 6 19 11 8 18 9 8 11 5 22 4 25 0 24 12 17 23 8 19 17 26 0 2 5 19 23 2 14 24 20 23 10 2 14 27 4 26 4 19 22 21 15 27 1 8 20 16 8 26 20 8 10 4 1 27 8 21489
1 1 1 1 1 1 1 1 1 1 1 1 1 1 1 1 1 1 1 1 1 1 1 1 1 1 1 1 0 0 
19 20 1 15 9 3 8 3 6 25 9 4 10 14 9 2 7 16 16 20 16 16 4 19 17 8 7 0 3 16 4 5 7 3 2 16 7 24 24 10 1 12 12 1 3 22 12 5 22 19 17 14 24 4 17 4 5 5 14 15 17 27 13 25 15 21 5 14 9 10 18 3 2 8 0 15 16 11 3 14 5 25 11 23 20 5 15 2 24 15 9 7 0 27 7 17 20 8 11 3 6 9 19 11 27 7 1 23 13 9 25 1 9 21 7 17 18 8 11 18 0 10 10 13 1 15 21 20 8 2 23 12 12 9 16 26 5 23 14 1 2 17 19 11 6 19 11 8 18 9 8 11 5 22 4 25 0 24 12 17 23 8 19 17 26 0 2 5 19 23 2 14 24 20 23 10 2 14 27 4 26 4 19 22 21 15 27 1 8 20 16 8 26 20 8 10 4 1 27 8 27419
1 1 1 1 1 1 1 1 1 1 1 1 1 1 1 1 1 1 1 1 1 1 1 1 1 1 1 1 0 0 
19 20 1 15 9 3 8 3 6 25 9 4 10 14 9 2 7 16 16 20 16 16 4 19 17 8 7 0 3 16 4 5 7 3 2 16 7 24 24 10 1 12 12 1 3 22 12 5 22 19 17 14 24 4 17 4 5 5 14 15 17 27 13 25 15 21 5 14 9 10 18 3 2 8 0 15 16 11 3 14 5 25 11 23 20 5 15 2 24 15 9 7 0 27 7 17 20 8 11 3 6 9 19 11 27 7 1 23 13 9 25 1 9 21 7 17 18 8 11 18 0 10 10 13 1 15 21 20 8 2 23 12 12 9 16 26 5 23 14 1 2 17 19 11 6 19 11 8 18 9 8 11 5 22 4 25 0 24 12 17 23 8 19 17 26 0 2 5 19 23 2 14 24 20 23 10 2 14 27 4 26 4 19 22 21 15 27 1 8 20 16 8 26 20 8 10 4 1 27 8 31142
1 1 1 1 1 1 1 1 1 1 1 1 1 1 1 1 1 1 1 1 1 1 1 1 1 1 1 1 0 0 
19 20 1 15 9 3 8 3 6 25 9 4 10 14 9 2 7 16 16 20 16 16 4 19 17 8 7 0 3 16 4 5 7 3 2 16 7 24 24 10 1 12 12 1 3 22 12 5 22 19 17 14 24 4 17 4 5 5 14 15 17 27 13 25 15 21 5 14 9 10 18 3 2 8 0 15 16 11 3 14 5 25 11 23 20 5 15 2 24 15 9 7 0 27 7 17 20 8 11 3 6 9 19 11 27 7 1 23 13 9 25 1 9 21 7 17 18 8 11 18 0 10 10 13 1 15 21 20 8 2 23 12 12 9 16 26 5 23 14 1 2 17 19 11 6 19 11 8 18 9 8 11 5 22 4 25 0 24 12 17 23 8 19 17 26 0 2 5 19 23 2 14 24 20 23 10 2 14 27 4 26 4 19 22 21 15 27 1 8 20 16 8 26 20 8 10 4 1 27 8 25288
1 1 1 1 1 1 1 1 1 1 1 1 1 1 1 1 1 1 1 1 1 1 1 1 1 1 1 1 0 0 
19 20 1 15 9 3 8 3 6 25 9 4 10 14 9 2 7 16 16 20 16 16 4 19 17 8 7 0 3 16 4 5 7 3 2 16 7 24 24 10 1 12 12 1 3 22 12 5 22 19 17 14 24 4 17 4 5 5 14 15 17 27 13 25 15 21 5 14 9 10 18 3 2 8 0 15 16 11 3 14 5 25 11 23 20 5 15 2 24 15 9 7 0 27 7 17 20 8 11 3 6 9 19 11 27 7 1 23 13 9 25 1 9 21 7 17 18 8 11 18 0 10 10 13 1 15 21 20 8 2 23 12 12 9 16 26 5 23 14 1 2 17 19 11 6 19 11 8 18 9 8 11 5 22 4 25 0 24 12 17 23 8 19 17 26 0 2 5 19 23 2 14 24 20 23 10 2 14 27 4 26 4 19 22 21 15 27 1 8 20 16 8 26 20 8 10 4 1 27 8 22977
1 1 1 1 1 1 1 1 1 1 1 1 1 1 1 1 1 1 1 1 1 1 1 1 1 1 1 1 0 0 
19 20 1 15 9 3 8 3 6 25 9 4 10 14 9 2 7 16 16 20 16 16 4 19 17 8 7 0 3 16 4 5 7 3 2 16 7 24 24 10 1 12 12 1 3 22 12 5 22 19 17 14 24 4 17 4 5 5 14 15 17 27 13 25 15 21 5 14 9 10 18 3 2 8 0 15 16 11 3 14 5 25 11 23 20 5 15 2 24 15 9 7 0 27 7 17 20 8 11 3 6 9 19 11 27 7 1 23 13 9 25 1 9 21 7 17 18 8 11 18 0 10 10 13 1 15 21 20 8 2 23 12 12 9 16 26 5 23 14 1 2 17 19 11 6 19 11 8 18 9 8 11 5 22 4 25 0 24 12 17 23 8 19 17 26 0 2 5 19 23 2 14 24 20 23 10 2 14 27 4 26 4 19 22 21 15 27 1 8 20 16 8 26 20 8 10 4 1 27 8 28535
1 1 1 1 1 1 1 1 1 1 1 1 1 1 1 1 1 1 1 1 1 1 1 1 1 1 1 1 0 0 
19 20 1 15 9 3 8 3 6 25 9 4 10 14 9 2 7 16 16 20 16 16 4 19 17 8 7 0 3 16 4 5 7 3 2 16 7 24 24 10 1 12 12 1 3 22 12 5 22 19 17 14 24 4 17 4 5 5 14 15 17 27 13 25 15 21 5 14 9 10 18 3 2 8 0 15 16 11 3 14 5 25 11 23 20 5 15 2 24 15 9 7 0 27 7 17 20 8 11 3 6 9 19 11 27 7 1 23 13 9 25 1 9 21 7 17 18 8 11 18 0 10 10 13 1 15 21 20 8 2 23 12 12 9 16 26 5 23 14 1 2 17 19 11 6 19 11 8 18 9 8 11 5 22 4 25 0 24 12 17 23 8 19 17 26 0 2 5 19 23 2 14 24 20 23 10 2 14 27 4 26 4 19 22 21 15 27 1 8 20 16 8 26 20 8 10 4 1 27 8 31821
1 1 1 1 1 1 1 1 1 1 1 1 1 1 1 1 1 1 1 1 1 1 1 1 1 1 1 1 0 0 
19 20 1 15 9 3 8 3 6 25 9 4 10 14 9 2 7 16 16 20 16 16 4 19 17 8 7 0 3 16 4 5 7 3 2 16 7 24 24 10 1 12 12 1 3 22 12 5 22 19 17 14 24 4 17 4 5 5 14 15 17 27 13 25 15 21 5 14 9 10 18 3 2 8 0 15 16 11 3 14 5 25 11 23 20 5 15 2 24 15 9 7 0 27 7 17 20 8 11 3 6 9 19 11 27 7 1 23 13 9 25 1 9 21 7 17 18 8 11 18 0 10 10 13 1 15 21 20 8 2 23 12 12 9 16 26 5 23 14 1 2 17 19 11 6 19 11 8 18 9 8 11 5 22 4 25 0 24 12 17 23 8 19 17 26 0 2 5 19 23 2 14 24 20 23 10 2 14 27 4 26 4 19 22 21 15 27 1 8 20 16 8 26 20 8 10 4 1 27 8 23355
1 1 1 1 1 1 1 1 1 1 1 1 1 1 1 1 1 1 1 1 1 1 1 1 1 1 1 1 0 0 
19 20 1 15 9 3 8 3 6 25 9 4 10 14 9 2 7 16 16 20 16 16 4 19 17 8 7 0 3 16 4 5 7 3 2 16 7 24 24 10 1 12 12 1 3 22 12 5 22 19 17 14 24 4 17 4 5 5 14 15 17 27 13 25 15 21 5 14 9 10 18 3 2 8 0 15 16 11 3 14 5 25 11 23 20 5 15 2 24 15 9 7 0 27 7 17 20 8 11 3 6 9 19 11 27 7 1 23 13 9 25 1 9 21 7 17 18 8 11 18 0 10 10 13 1 15 21 20 8 2 23 12 12 9 16 26 5 23 14 1 2 17 19 11 6 19 11 8 18 9 8 11 5 22 4 25 0 24 12 17 23 8 19 17 26 0 2 5 19 23 2 14 24 20 23 10 2 14 27 4 26 4 19 22 21 15 27 1 8 20 16 8 26 20 8 10 4 1 27 8 21868
1 1 1 1 1 1 1 1 1 1 1 1 1 1 1 1 1 1 1 1 1 1 1 1 1 1 1 1 0 0 
19 20 1 15 9 3 8 3 6 25 9 4 10 14 9 2 7 16 16 20 16 16 4 19 17 8 7 0 3 16 4 5 7 3 2 16 7 24 24 10 1 12 12 1 3 22 12 5 22 19 17 14 24 4 17 4 5 5 14 15 17 27 13 25 15 21 5 14 9 10 18 3 2 8 0 15 16 11 3 14 5 25 11 23 20 5 15 2 24 15 9 7 0 27 7 17 20 8 11 3 6 9 19 11 27 7 1 23 13 9 25 1 9 21 7 17 18 8 11 18 0 10 10 13 1 15 21 20 8 2 23 12 12 9 16 26 5 23 14 1 2 17 19 11 6 19 11 8 18 9 8 11 5 22 4 25 0 24 12 17 23 8 19 17 26 0 2 5 19 23 2 14 24 20 23 10 2 14 27 4 26 4 19 22 21 15 27 1 8 20 16 8 26 20 8 10 4 1 27 8 26578
1 1 1 1 1 1 1 1 1 1 1 1 1 1 1 1 1 1 1 1 1 1 1 1 1 1 1 1 0 0 
19 20 1 15 9 3 8 3 6 25 9 4 10 14 9 2 7 16 16 20 16 16 4 19 17 8 7 0 3 16 4 5 7 3 2 16 7 24 24 10 1 12 12 1 3 22 12 5 22 19 17 14 24 4 17 4 5 5 14 15 17 27 13 25 15 21 5 14 9 10 18 3 2 8 0 15 16 11 3 14 5 25 11 23 20 5 15 2 24 15 9 7 0 27 7 17 20 8 11 3 6 9 19 11 27 7 1 23 13 9 25 1 9 21 7 17 18 8 11 18 0 10 10 13 1 15 21 20 8 2 23 12 12 9 16 26 5 23 14 1 2 17 19 11 6 19 11 8 18 9 8 11 5 22 4 25 0 24 12 17 23 8 19 17 26 0 2 5 19 23 2 14 24 20 23 10 2 14 27 4 26 4 19 22 21 15 27 1 8 20 16 8 26 20 8 10 4 1 27 8 29414
1 1 1 1 1 1 1 1 1 1 1 1 1 1 1 1 1 1 1 1 1 1 1 1 1 1 1 1 0 0 
19 20 1 15 9 3 8 3 6 25 9 4 10 14 9 2 7 16 16 20 16 16 4 19 17 8 7 0 3 16 4 5 7 3 2 16 7 24 24 10 1 12 12 1 3 22 12 5 22 19 17 14 24 4 17 4 5 5 14 15 17 27 13 25 15 21 5 14 9 10 18 3 2 8 0 15 16 11 3 14 5 25 11 23 20 5 15 2 24 15 9 7 0 27 7 17 20 8 11 3 6 9 19 11 27 7 1 23 13 9 25 1 9 21 7 17 18 8 11 18 0 10 10 13 1 15 21 20 8 2 23 12 12 9 16 26 5 23 14 1 2 17 19 11 6 19 11 8 18 9 8 11 5 22 4 25 0 24 12 17 23 8 19 17 26 0 2 5 19 23 2 14 24 20 23 10 2 14 27 4 26 4 19 22 21 15 27 1 8 20 16 8 26 20 8 10 4 1 27 8 24257
1 1 1 1 1 1 1 1 1 1 1 1 1 1 1 1 1 1 1 1 1 1 1 1 1 1 1 1 0 0 
19 20 1 15 9 3 8 3 6 25 9 4 10 14 9 2 7 16 16 20 16 16 4 19 17 8 7 0 3 16 4 5 7 3 2 16 7 24 24 10 1 12 12 1 3 22 12 5 22 19 17 14 24 4 17 4 5 5 14 15 17 27 13 25 15 21 5 14 9 10 18 3 2 8 0 15 16 11 3 14 5 25 11 23 20 5 15 2 24 15 9 7 0 27 7 17 20 8 11 3 6 9 19 11 27 7 1 23 13 9 25 1 9 21 7 17 18 8 11 18 0 10 10 13 1 15 21 20 8 2 23 12 12 9 16 26 5 23 14 1 2 17 19 11 6 19 11 8 18 9 8 11 5 22 4 25 0 24 12 17 23 8 19 17 26 0 2 5 19 23 2 14 24 20 23 10 2 14 27 4 26 4 19 22 21 15 27 1 8 20 16 8 26 20 8 10 4 1 27 8 21272
1 1 1 1 1 1 1 1 1 1 1 1 1 1 1 1 1 1 1 1 1 1 1 1 1 1 1 1 0 0 
19 20 1 15 9 3 8 3 6 25 9 4 10 14 9 2 7 16 16 20 16 16 4 19 17 8 7 0 3 16 4 5 7 3 2 16 7 24 24 10 1 12 12 1 3 22 12 5 22 19 17 14 24 4 17 4 5 5 14 15 17 27 13 25 15 21 5 14 9 10 18 3 2 8 0 15 16 11 3 14 5 25 11 23 20 5 15 2 24 15 9 7 0 27 7 17 20 8 11 3 6 9 19 11 27 7 1 23 13 9 25 1 9 21 7 17 18 8 11 18 0 10 10 13 1 15 21 20 8 2 23 12 12 9 16 26 5 23 14 1 2 17 19 11 6 19 11 8 18 9 8 11 5 22 4 25 0 24 12 17 23 8 19 17 26 0 2 5 19 23 2 14 24 20 23 10 2 14 27 4 26 4 19 22 21 15 27 1 8 20 16 8 26 20 8 10 4 1 27 8 27718
1 1 1 1 1 1 1 1 1 1 1 1 1 1 1 1 1 1 1 1 1 1 1 1 1 1 1 1 0 0 
19 20 1 15 9 3 8 3 6 25 9 4 10 14 9 2 7 16 16 20 16 16 4 19 17 8 7 0 3 16 4 5 7 3 2 16 7 24 24 10 1 12 12 1 3 22 12 5 22 19 17 14 24 4 17 4 5 5 14 15 17 27 13 25 15 21 5 14 9 10 18 3 2 8 0 15 16 11 3 14 5 25 11 23 20 5 15 2 24 15 9 7 0 27 7 17 20 8 11 3 6 9 19 11 27 7 1 23 13 9 25 1 9 21 7 17 18 8 11 18 0 10 10 13 1 15 21 20 8 2 23 12 12 9 16 26 5 23 14 1 2 17 19 11 6 19 11 8 18 9 8 11 5 22 4 25 0 24 12 17 23 8 19 17 26 0 2 5 19 23 2 14 24 20 23 10 2 14 27 4 26 4 19 22 21 15 27 1 8 20 16 8 26 20 8 10 4 1 27 8 31310
1 1 1 1 1 1 1 1 1 1 1 1 1 1 1 1 1 1 1 1 1 1 1 1 1 1 1 1 0 0 
19 20 1 15 9 3 8 3 6 25 9 4 10 14 9 2 7 16 16 20 16 16 4 19 17 8 7 0 3 16 4 5 7 3 2 16 7 24 24 10 1 12 12 1 3 22 12 5 22 19 17 14 24 4 17 4 5 5 14 15 17 27 13 25 15 21 5 14 9 10 18 3 2 8 0 15 16 11 3 14 5 25 11 23 20 5 15 2 24 15 9 7 0 27 7 17 20 8 11 3 6 9 19 11 27 7 1 23 13 9 25 1 9 21 7 17 18 8 11 18 0 10 10 13 1 15 21 20 8 2 23 12 12 9 16 26 5 23 14 1 2 17 19 11 6 19 11 8 18 9 8 11 5 22 4 25 0 24 12 17 23 8 19 17 26 0 2 5 19 23 2 14 24 20 23 10 2 14 27 4 26 4 19 22 21 15 27 1 8 20 16 8 26 20 8 10 4 1 27 8 9043
1 1 1 1 1 1 1 1 1 1 1 1 1 1 1 1 1 1 1 1 1 1 1 1 1 1 1 1 0 0 
19 20 1 15 9 3 8 3 6 25 9 4 10 14 9 2 7 16 16 20 16 16 4 19 17 8 7 0 3 16 4 5 7 3 2 16 7 24 24 10 1 12 12 1 3 22 12 5 22 19 17 14 24 4 17 4 5 5 14 15 17 27 13 25 15 21 5 14 9 10 18 3 2 8 0 15 16 11 3 14 5 25 11 23 20 5 15 2 24 15 9 7 0 27 7 17 20 8 11 3 6 9 19 11 27 7 1 23 13 9 25 1 9 21 7 17 18 8 11 18 0 10 10 13 1 15 21 20 8 2 23 12 12 9 16 26 5 23 14 1 2 17 19 11 6 19 11 8 18 9 8 11 5 22 4 25 0 24 12 17 23 8 19 17 26 0 2 5 19 23 2 14 24 20 23 10 2 14 27 4 26 4 19 22 21 15 27 1 8 20 16 8 26 20 8 10 4 1 27 8 8427
1 1 1 1 1 1 1 1 1 1 1 1 1 1 1 1 1 1 1 1 1 1 1 1 1 1 1 1 0 0 
19 20 1 15 9 3 8 3 6 25 9 4 10 14 9 2 7 16 16 20 16 16 4 19 17 8 7 0 3 16 4 5 7 3 2 16 7 24 24 10 1 12 12 1 3 22 12 5 22 19 17 14 24 4 17 4 5 5 14 15 17 27 13 25 15 21 5 14 9 10 18 3 2 8 0 15 16 11 3 14 5 25 11 23 20 5 15 2 24 15 9 7 0 27 7 17 20 8 11 3 6 9 19 11 27 7 1 23 13 9 25 1 9 21 7 17 18 8 11 18 0 10 10 13 1 15 21 20 8 2 23 12 12 9 16 26 5 23 14 1 2 17 19 11 6 19 11 8 18 9 8 11 5 22 4 25 0 24 12 17 23 8 19 17 26 0 2 5 19 23 2 14 24 20 23 10 2 14 27 4 26 4 19 22 21 15 27 1 8 20 16 8 26 20 8 10 4 1 27 8 9948
1 1 1 1 1 1 1 1 1 1 1 1 1 1 1 1 1 1 1 1 1 1 1 1 1 1 1 1 0 0 
19 20 1 15 9 3 8 3 6 25 9 4 10 14 9 2 7 16 16 20 16 16 4 19 17 8 7 0 3 16 4 5 7 3 2 16 7 24 24 10 1 12 12 1 3 22 12 5 22 19 17 14 24 4 17 4 5 5 14 15 17 27 13 25 15 21 5 14 9 10 18 3 2 8 0 15 16 11 3 14 5 25 11 23 20 5 15 2 24 15 9 7 0 27 7 17 20 8 11 3 6 9 19 11 27 7 1 23 13 9 25 1 9 21 7 17 18 8 11 18 0 10 10 13 1 15 21 20 8 2 23 12 12 9 16 26 5 23 14 1 2 17 19 11 6 19 11 8 18 9 8 11 5 22 4 25 0 24 12 17 23 8 19 17 26 0 2 5 19 23 2 14 24 20 23 10 2 14 27 4 26 4 19 22 21 15 27 1 8 20 16 8 26 20 8 10 4 1 27 8 12111
1 1 1 1 1 1 1 1 1 1 1 1 1 1 1 1 1 1 1 1 1 1 1 1 1 1 1 1 0 0 
19 20 1 15 9 3 8 3 6 25 9 4 10 14 9 2 7 16 16 20 16 16 4 19 17 8 7 0 3 16 4 5 7 3 2 16 7 24 24 10 1 12 12 1 3 22 12 5 22 19 17 14 24 4 17 4 5 5 14 15 17 27 13 25 15 21 5 14 9 10 18 3 2 8 0 15 16 11 3 14 5 25 11 23 20 5 15 2 24 15 9 7 0 27 7 17 20 8 11 3 6 9 19 11 27 7 1 23 13 9 25 1 9 21 7 17 18 8 11 18 0 10 10 13 1 15 21 20 8 2 23 12 12 9 16 26 5 23 14 1 2 17 19 11 6 19 11 8 18 9 8 11 5 22 4 25 0 24 12 17 23 8 19 17 26 0 2 5 19 23 2 14 24 20 23 10 2 14 27 4 26 4 19 22 21 15 27 1 8 20 16 8 26 20 8 10 4 1 27 8 10941
1 1 1 1 1 1 1 1 1 1 1 1 1 1 1 1 1 1 1 1 1 1 1 1 1 1 1 1 0 0 
19 20 1 15 9 3 8 3 6 25 9 4 10 14 9 2 7 16 16 20 16 16 4 19 17 8 7 0 3 16 4 5 7 3 2 16 7 24 24 10 1 12 12 1 3 22 12 5 22 19 17 14 24 4 17 4 5 5 14 15 17 27 13 25 15 21 5 14 9 10 18 3 2 8 0 15 16 11 3 14 5 25 11 23 20 5 15 2 24 15 9 7 0 27 7 17 20 8 11 3 6 9 19 11 27 7 1 23 13 9 25 1 9 21 7 17 18 8 11 18 0 10 10 13 1 15 21 20 8 2 23 12 12 9 16 26 5 23 14 1 2 17 19 11 6 19 11 8 18 9 8 11 5 22 4 25 0 24 12 17 23 8 19 17 26 0 2 5 19 23 2 14 24 20 23 10 2 14 27 4 26 4 19 22 21 15 27 1 8 20 16 8 26 20 8 10 4 1 27 8 10044
1 1 1 1 1 1 1 1 1 1 1 1 1 1 1 1 1 1 1 1 1 1 1 1 1 1 1 1 0 0 
19 20 1 15 9 3 8 3 6 25 9 4 10 14 9 2 7 16 16 20 16 16 4 19 17 8 7 0 3 16 4 5 7 3 2 16 7 24 24 10 1 12 12 1 3 22 12 5 22 19 17 14 24 4 17 4 5 5 14 15 17 27 13 25 15 21 5 14 9 10 18 3 2 8 0 15 16 11 3 14 5 25 11 23 20 5 15 2 24 15 9 7 0 27 7 17 20 8 11 3 6 9 19 11 27 7 1 23 13 9 25 1 9 21 7 17 18 8 11 18 0 10 10 13 1 15 21 20 8 2 23 12 12 9 16 26 5 23 14 1 2 17 19 11 6 19 11 8 18 9 8 11 5 22 4 25 0 24 12 17 23 8 19 17 26 0 2 5 19 23 2 14 24 20 23 10 2 14 27 4 26 4 19 22 21 15 27 1 8 20 16 8 26 20 8 10 4 1 27 8 13413
1 1 1 1 1 1 1 1 1 1 1 1 1 1 1 1 1 1 1 1 1 1 1 1 1 1 1 1 0 0 
19 20 1 15 9 3 8 3 6 25 9 4 10 14 9 2 7 16 16 20 16 16 4 19 17 8 7 0 3 16 4 5 7 3 2 16 7 24 24 10 1 12 12 1 3 22 12 5 22 19 17 14 24 4 17 4 5 5 14 15 17 27 13 25 15 21 5 14 9 10 18 3 2 8 0 15 16 11 3 14 5 25 11 23 20 5 15 2 24 15 9 7 0 27 7 17 20 8 11 3 6 9 19 11 27 7 1 23 13 9 25 1 9 21 7 17 18 8 11 18 0 10 10 13 1 15 21 20 8 2 23 12 12 9 16 26 5 23 14 1 2 17 19 11 6 19 11 8 18 9 8 11 5 22 4 25 0 24 12 17 23 8 19 17 26 0 2 5 19 23 2 14 24 20 23 10 2 14 27 4 26 4 19 22 21 15 27 1 8 20 16 8 26 20 8 10 4 1 27 8 12388
1 1 1 1 1 1 1 1 1 1 1 1 1 1 1 1 1 1 1 1 1 1 1 1 1 1 1 1 0 0 
19 20 1 15 9 3 8 3 6 25 9 4 10 14 9 2 7 16 16 20 16 16 4 19 17 8 7 0 3 16 4 5 7 3 2 16 7 24 24 10 1 12 12 1 3 22 12 5 22 19 17 14 24 4 17 4 5 5 14 15 17 27 13 25 15 21 5 14 9 10 18 3 2 8 0 15 16 11 3 14 5 25 11 23 20 5 15 2 24 15 9 7 0 27 7 17 20 8 11 3 6 9 19 11 27 7 1 23 13 9 25 1 9 21 7 17 18 8 11 18 0 10 10 13 1 15 21 20 8 2 23 12 12 9 16 26 5 23 14 1 2 17 19 11 6 19 11 8 18 9 8 11 5 22 4 25 0 24 12 17 23 8 19 17 26 0 2 5 19 23 2 14 24 20 23 10 2 14 27 4 26 4 19 22 21 15 27 1 8 20 16 8 26 20 8 10 4 1 27 8 10556
1 1 1 1 1 1 1 1 1 1 1 1 1 1 1 1 1 1 1 1 1 1 1 1 1 1 1 1 0 0 
19 20 1 15 9 3 8 3 6 25 9 4 10 14 9 2 7 16 16 20 16 16 4 19 17 8 7 0 3 16 4 5 7 3 2 16 7 24 24 10 1 12 12 1 3 22 12 5 22 19 17 14 24 4 17 4 5 5 14 15 17 27 13 25 15 21 5 14 9 10 18 3 2 8 0 15 16 11 3 14 5 25 11 23 20 5 15 2 24 15 9 7 0 27 7 17 20 8 11 3 6 9 19 11 27 7 1 23 13 9 25 1 9 21 7 17 18 8 11 18 0 10 10 13 1 15 21 20 8 2 23 12 12 9 16 26 5 23 14 1 2 17 19 11 6 19 11 8 18 9 8 11 5 22 4 25 0 24 12 17 23 8 19 17 26 0 2 5 19 23 2 14 24 20 23 10 2 14 27 4 26 4 19 22 21 15 27 1 8 20 16 8 26 20 8 10 4 1 27 8 9860
1 1 1 1 1 1 1 1 1 1 1 1 1 1 1 1 1 1 1 1 1 1 1 1 1 1 1 1 0 0 
19 20 1 15 9 3 8 3 6 25 9 4 10 14 9 2 7 16 16 20 16 16 4 19 17 8 7 0 3 16 4 5 7 3 2 16 7 24 24 10 1 12 12 1 3 22 12 5 22 19 17 14 24 4 17 4 5 5 14 15 17 27 13 25 15 21 5 14 9 10 18 3 2 8 0 15 16 11 3 14 5 25 11 23 20 5 15 2 24 15 9 7 0 27 7 17 20 8 11 3 6 9 19 11 27 7 1 23 13 9 25 1 9 21 7 17 18 8 11 18 0 10 10 13 1 15 21 20 8 2 23 12 12 9 16 26 5 23 14 1 2 17 19 11 6 19 11 8 18 9 8 11 5 22 4 25 0 24 12 17 23 8 19 17 26 0 2 5 19 23 2 14 24 20 23 10 2 14 27 4 26 4 19 22 21 15 27 1 8 20 16 8 26 20 8 10 4 1 27 8 11081
1 1 1 1 1 1 1 1 1 1 1 1 1 1 1 1 1 1 1 1 1 1 1 1 1 1 1 1 0 0 
19 20 1 15 9 3 8 3 6 25 9 4 10 14 9 2 7 16 16 20 16 16 4 19 17 8 7 0 3 16 4 5 7 3 2 16 7 24 24 10 1 12 12 1 3 22 12 5 22 19 17 14 24 4 17 4 5 5 14 15 17 27 13 25 15 21 5 14 9 10 18 3 2 8 0 15 16 11 3 14 5 25 11 23 20 5 15 2 24 15 9 7 0 27 7 17 20 8 11 3 6 9 19 11 27 7 1 23 13 9 25 1 9 21 7 17 18 8 11 18 0 10 10 13 1 15 21 20 8 2 23 12 12 9 16 26 5 23 14 1 2 17 19 11 6 19 11 8 18 9 8 11 5 22 4 25 0 24 12 17 23 8 19 17 26 0 2 5 19 23 2 14 24 20 23 10 2 14 27 4 26 4 19 22 21 15 27 1 8 20 16 8 26 20 8 10 4 1 27 8 15365
1 1 1 1 1 1 1 1 1 1 1 1 1 1 1 1 1 1 1 1 1 1 1 1 1 1 1 1 0 0 
19 20 1 15 9 3 8 3 6 25 9 4 10 14 9 2 7 16 16 20 16 16 4 19 17 8 7 0 3 16 4 5 7 3 2 16 7 24 24 10 1 12 12 1 3 22 12 5 22 19 17 14 24 4 17 4 5 5 14 15 17 27 13 25 15 21 5 14 9 10 18 3 2 8 0 15 16 11 3 14 5 25 11 23 20 5 15 2 24 15 9 7 0 27 7 17 20 8 11 3 6 9 19 11 27 7 1 23 13 9 25 1 9 21 7 17 18 8 11 18 0 10 10 13 1 15 21 20 8 2 23 12 12 9 16 26 5 23 14 1 2 17 19 11 6 19 11 8 18 9 8 11 5 22 4 25 0 24 12 17 23 8 19 17 26 0 2 5 19 23 2 14 24 20 23 10 2 14 27 4 26 4 19 22 21 15 27 1 8 20 16 8 26 20 8 10 4 1 27 8 14923
1 1 1 1 1 1 1 1 1 1 1 1 1 1 1 1 1 1 1 1 1 1 1 1 1 1 1 1 0 0 
19 20 1 15 9 3 8 3 6 25 9 4 10 14 9 2 7 16 16 20 16 16 4 19 17 8 7 0 3 16 4 5 7 3 2 16 7 24 24 10 1 12 12 1 3 22 12 5 22 19 17 14 24 4 17 4 5 5 14 15 17 27 13 25 15 21 5 14 9 10 18 3 2 8 0 15 16 11 3 14 5 25 11 23 20 5 15 2 24 15 9 7 0 27 7 17 20 8 11 3 6 9 19 11 27 7 1 23 13 9 25 1 9 21 7 17 18 8 11 18 0 10 10 13 1 15 21 20 8 2 23 12 12 9 16 26 5 23 14 1 2 17 19 11 6 19 11 8 18 9 8 11 5 22 4 25 0 24 12 17 23 8 19 17 26 0 2 5 19 23 2 14 24 20 23 10 2 14 27 4 26 4 19 22 21 15 27 1 8 20 16 8 26 20 8 10 4 1 27 8 14978
1 1 1 1 1 1 1 1 1 1 1 1 1 1 1 1 1 1 1 1 1 1 1 1 1 1 1 1 0 0 
19 20 1 15 9 3 8 3 6 25 9 4 10 14 9 2 7 16 16 20 16 16 4 19 17 8 7 0 3 16 4 5 7 3 2 16 7 24 24 10 1 12 12 1 3 22 12 5 22 19 17 14 24 4 17 4 5 5 14 15 17 27 13 25 15 21 5 14 9 10 18 3 2 8 0 15 16 11 3 14 5 25 11 23 20 5 15 2 24 15 9 7 0 27 7 17 20 8 11 3 6 9 19 11 27 7 1 23 13 9 25 1 9 21 7 17 18 8 11 18 0 10 10 13 1 15 21 20 8 2 23 12 12 9 16 26 5 23 14 1 2 17 19 11 6 19 11 8 18 9 8 11 5 22 4 25 0 24 12 17 23 8 19 17 26 0 2 5 19 23 2 14 24 20 23 10 2 14 27 4 26 4 19 22 21 15 27 1 8 20 16 8 26 20 8 10 4 1 27 8 12983
1 1 1 1 1 1 1 1 1 1 1 1 1 1 1 1 1 1 1 1 1 1 1 1 1 1 1 1 0 0 
19 20 1 15 9 3 8 3 6 25 9 4 10 14 9 2 7 16 16 20 16 16 4 19 17 8 7 0 3 16 4 5 7 3 2 16 7 24 24 10 1 12 12 1 3 22 12 5 22 19 17 14 24 4 17 4 5 5 14 15 17 27 13 25 15 21 5 14 9 10 18 3 2 8 0 15 16 11 3 14 5 25 11 23 20 5 15 2 24 15 9 7 0 27 7 17 20 8 11 3 6 9 19 11 27 7 1 23 13 9 25 1 9 21 7 17 18 8 11 18 0 10 10 13 1 15 21 20 8 2 23 12 12 9 16 26 5 23 14 1 2 17 19 11 6 19 11 8 18 9 8 11 5 22 4 25 0 24 12 17 23 8 19 17 26 0 2 5 19 23 2 14 24 20 23 10 2 14 27 4 26 4 19 22 21 15 27 1 8 20 16 8 26 20 8 10 4 1 27 8 44731
1 1 1 1 1 1 1 1 1 1 1 1 1 1 1 1 1 1 1 1 1 1 1 1 1 1 1 1 0 0 
19 20 1 15 9 3 8 3 6 25 9 4 10 14 9 2 7 16 16 20 16 16 4 19 17 8 7 0 3 16 4 5 7 3 2 16 7 24 24 10 1 12 12 1 3 22 12 5 22 19 17 14 24 4 17 4 5 5 14 15 17 27 13 25 15 21 5 14 9 10 18 3 2 8 0 15 16 11 3 14 5 25 11 23 20 5 15 2 24 15 9 7 0 27 7 17 20 8 11 3 6 9 19 11 27 7 1 23 13 9 25 1 9 21 7 17 18 8 11 18 0 10 10 13 1 15 21 20 8 2 23 12 12 9 16 26 5 23 14 1 2 17 19 11 6 19 11 8 18 9 8 11 5 22 4 25 0 24 12 17 23 8 19 17 26 0 2 5 19 23 2 14 24 20 23 10 2 14 27 4 26 4 19 22 21 15 27 1 8 20 16 8 26 20 8 10 4 1 27 8 50573
1 1 1 1 1 1 1 1 1 1 1 1 1 1 1 1 1 1 1 1 1 1 1 1 1 1 1 1 0 0 
19 20 1 15 9 3 8 3 6 25 9 4 10 14 9 2 7 16 16 20 16 16 4 19 17 8 7 0 3 16 4 5 7 3 2 16 7 24 24 10 1 12 12 1 3 22 12 5 22 19 17 14 24 4 17 4 5 5 14 15 17 27 13 25 15 21 5 14 9 10 18 3 2 8 0 15 16 11 3 14 5 25 11 23 20 5 15 2 24 15 9 7 0 27 7 17 20 8 11 3 6 9 19 11 27 7 1 23 13 9 25 1 9 21 7 17 18 8 11 18 0 10 10 13 1 15 21 20 8 2 23 12 12 9 16 26 5 23 14 1 2 17 19 11 6 19 11 8 18 9 8 11 5 22 4 25 0 24 12 17 23 8 19 17 26 0 2 5 19 23 2 14 24 20 23 10 2 14 27 4 26 4 19 22 21 15 27 1 8 20 16 8 26 20 8 10 4 1 27 8 71620
1 1 1 1 1 1 1 1 1 1 1 1 1 1 1 1 1 1 1 1 1 1 1 1 1 1 1 1 0 0 
19 20 1 15 9 3 8 3 6 25 9 4 10 14 9 2 7 16 16 20 16 16 4 19 17 8 7 0 3 16 4 5 7 3 2 16 7 24 24 10 1 12 12 1 3 22 12 5 22 19 17 14 24 4 17 4 5 5 14 15 17 27 13 25 15 21 5 14 9 10 18 3 2 8 0 15 16 11 3 14 5 25 11 23 20 5 15 2 24 15 9 7 0 27 7 17 20 8 11 3 6 9 19 11 27 7 1 23 13 9 25 1 9 21 7 17 18 8 11 18 0 10 10 13 1 15 21 20 8 2 23 12 12 9 16 26 5 23 14 1 2 17 19 11 6 19 11 8 18 9 8 11 5 22 4 25 0 24 12 17 23 8 19 17 26 0 2 5 19 23 2 14 24 20 23 10 2 14 27 4 26 4 19 22 21 15 27 1 8 20 16 8 26 20 8 10 4 1 27 8 58071
1 1 1 1 1 1 1 1 1 1 1 1 1 1 1 1 1 1 1 1 1 1 1 1 1 1 1 1 0 0 
19 20 1 15 9 3 8 3 6 25 9 4 10 14 9 2 7 16 16 20 16 16 4 19 17 8 7 0 3 16 4 5 7 3 2 16 7 24 24 10 1 12 12 1 3 22 12 5 22 19 17 14 24 4 17 4 5 5 14 15 17 27 13 25 15 21 5 14 9 10 18 3 2 8 0 15 16 11 3 14 5 25 11 23 20 5 15 2 24 15 9 7 0 27 7 17 20 8 11 3 6 9 19 11 27 7 1 23 13 9 25 1 9 21 7 17 18 8 11 18 0 10 10 13 1 15 21 20 8 2 23 12 12 9 16 26 5 23 14 1 2 17 19 11 6 19 11 8 18 9 8 11 5 22 4 25 0 24 12 17 23 8 19 17 26 0 2 5 19 23 2 14 24 20 23 10 2 14 27 4 26 4 19 22 21 15 27 1 8 20 16 8 26 20 8 10 4 1 27 8 43354
1 1 1 1 1 1 1 1 1 1 1 1 1 1 1 1 1 1 1 1 1 1 1 1 1 1 1 1 0 0 
19 20 1 15 9 3 8 3 6 25 9 4 10 14 9 2 7 16 16 20 16 16 4 19 17 8 7 0 3 16 4 5 7 3 2 16 7 24 24 10 1 12 12 1 3 22 12 5 22 19 17 14 24 4 17 4 5 5 14 15 17 27 13 25 15 21 5 14 9 10 18 3 2 8 0 15 16 11 3 14 5 25 11 23 20 5 15 2 24 15 9 7 0 27 7 17 20 8 11 3 6 9 19 11 27 7 1 23 13 9 25 1 9 21 7 17 18 8 11 18 0 10 10 13 1 15 21 20 8 2 23 12 12 9 16 26 5 23 14 1 2 17 19 11 6 19 11 8 18 9 8 11 5 22 4 25 0 24 12 17 23 8 19 17 26 0 2 5 19 23 2 14 24 20 23 10 2 14 27 4 26 4 19 22 21 15 27 1 8 20 16 8 26 20 8 10 4 1 27 8 52477
1 1 1 1 1 1 1 1 1 1 1 1 1 1 1 1 1 1 1 1 1 1 1 1 1 1 1 1 0 0 
19 20 1 15 9 3 8 3 6 25 9 4 10 14 9 2 7 16 16 20 16 16 4 19 17 8 7 0 3 16 4 5 7 3 2 16 7 24 24 10 1 12 12 1 3 22 12 5 22 19 17 14 24 4 17 4 5 5 14 15 17 27 13 25 15 21 5 14 9 10 18 3 2 8 0 15 16 11 3 14 5 25 11 23 20 5 15 2 24 15 9 7 0 27 7 17 20 8 11 3 6 9 19 11 27 7 1 23 13 9 25 1 9 21 7 17 18 8 11 18 0 10 10 13 1 15 21 20 8 2 23 12 12 9 16 26 5 23 14 1 2 17 19 11 6 19 11 8 18 9 8 11 5 22 4 25 0 24 12 17 23 8 19 17 26 0 2 5 19 23 2 14 24 20 23 10 2 14 27 4 26 4 19 22 21 15 27 1 8 20 16 8 26 20 8 10 4 1 27 8 69820
1 1 1 1 1 1 1 1 1 1 1 1 1 1 1 1 1 1 1 1 1 1 1 1 1 1 1 1 0 0 
19 20 1 15 9 3 8 3 6 25 9 4 10 14 9 2 7 16 16 20 16 16 4 19 17 8 7 0 3 16 4 5 7 3 2 16 7 24 24 10 1 12 12 1 3 22 12 5 22 19 17 14 24 4 17 4 5 5 14 15 17 27 13 25 15 21 5 14 9 10 18 3 2 8 0 15 16 11 3 14 5 25 11 23 20 5 15 2 24 15 9 7 0 27 7 17 20 8 11 3 6 9 19 11 27 7 1 23 13 9 25 1 9 21 7 17 18 8 11 18 0 10 10 13 1 15 21 20 8 2 23 12 12 9 16 26 5 23 14 1 2 17 19 11 6 19 11 8 18 9 8 11 5 22 4 25 0 24 12 17 23 8 19 17 26 0 2 5 19 23 2 14 24 20 23 10 2 14 27 4 26 4 19 22 21 15 27 1 8 20 16 8 26 20 8 10 4 1 27 8 57686
1 1 1 1 1 1 1 1 1 1 1 1 1 1 1 1 1 1 1 1 1 1 1 1 1 1 1 1 0 0 
19 20 1 15 9 3 8 3 6 25 9 4 10 14 9 2 7 16 16 20 16 16 4 19 17 8 7 0 3 16 4 5 7 3 2 16 7 24 24 10 1 12 12 1 3 22 12 5 22 19 17 14 24 4 17 4 5 5 14 15 17 27 13 25 15 21 5 14 9 10 18 3 2 8 0 15 16 11 3 14 5 25 11 23 20 5 15 2 24 15 9 7 0 27 7 17 20 8 11 3 6 9 19 11 27 7 1 23 13 9 25 1 9 21 7 17 18 8 11 18 0 10 10 13 1 15 21 20 8 2 23 12 12 9 16 26 5 23 14 1 2 17 19 11 6 19 11 8 18 9 8 11 5 22 4 25 0 24 12 17 23 8 19 17 26 0 2 5 19 23 2 14 24 20 23 10 2 14 27 4 26 4 19 22 21 15 27 1 8 20 16 8 26 20 8 10 4 1 27 8 42872
1 1 1 1 1 1 1 1 1 1 1 1 1 1 1 1 1 1 1 1 1 1 1 1 1 1 1 1 0 0 
19 20 1 15 9 3 8 3 6 25 9 4 10 14 9 2 7 16 16 20 16 16 4 19 17 8 7 0 3 16 4 5 7 3 2 16 7 24 24 10 1 12 12 1 3 22 12 5 22 19 17 14 24 4 17 4 5 5 14 15 17 27 13 25 15 21 5 14 9 10 18 3 2 8 0 15 16 11 3 14 5 25 11 23 20 5 15 2 24 15 9 7 0 27 7 17 20 8 11 3 6 9 19 11 27 7 1 23 13 9 25 1 9 21 7 17 18 8 11 18 0 10 10 13 1 15 21 20 8 2 23 12 12 9 16 26 5 23 14 1 2 17 19 11 6 19 11 8 18 9 8 11 5 22 4 25 0 24 12 17 23 8 19 17 26 0 2 5 19 23 2 14 24 20 23 10 2 14 27 4 26 4 19 22 21 15 27 1 8 20 16 8 26 20 8 10 4 1 27 8 52254
1 1 1 1 1 1 1 1 1 1 1 1 1 1 1 1 1 1 1 1 1 1 1 1 1 1 1 1 0 0 
19 20 1 15 9 3 8 3 6 25 9 4 10 14 9 2 7 16 16 20 16 16 4 19 17 8 7 0 3 16 4 5 7 3 2 16 7 24 24 10 1 12 12 1 3 22 12 5 22 19 17 14 24 4 17 4 5 5 14 15 17 27 13 25 15 21 5 14 9 10 18 3 2 8 0 15 16 11 3 14 5 25 11 23 20 5 15 2 24 15 9 7 0 27 7 17 20 8 11 3 6 9 19 11 27 7 1 23 13 9 25 1 9 21 7 17 18 8 11 18 0 10 10 13 1 15 21 20 8 2 23 12 12 9 16 26 5 23 14 1 2 17 19 11 6 19 11 8 18 9 8 11 5 22 4 25 0 24 12 17 23 8 19 17 26 0 2 5 19 23 2 14 24 20 23 10 2 14 27 4 26 4 19 22 21 15 27 1 8 20 16 8 26 20 8 10 4 1 27 8 71268
1 1 1 1 1 1 1 1 1 1 1 1 1 1 1 1 1 1 1 1 1 1 1 1 1 1 1 1 0 0 
19 20 1 15 9 3 8 3 6 25 9 4 10 14 9 2 7 16 16 20 16 16 4 19 17 8 7 0 3 16 4 5 7 3 2 16 7 24 24 10 1 12 12 1 3 22 12 5 22 19 17 14 24 4 17 4 5 5 14 15 17 27 13 25 15 21 5 14 9 10 18 3 2 8 0 15 16 11 3 14 5 25 11 23 20 5 15 2 24 15 9 7 0 27 7 17 20 8 11 3 6 9 19 11 27 7 1 23 13 9 25 1 9 21 7 17 18 8 11 18 0 10 10 13 1 15 21 20 8 2 23 12 12 9 16 26 5 23 14 1 2 17 19 11 6 19 11 8 18 9 8 11 5 22 4 25 0 24 12 17 23 8 19 17 26 0 2 5 19 23 2 14 24 20 23 10 2 14 27 4 26 4 19 22 21 15 27 1 8 20 16 8 26 20 8 10 4 1 27 8 54704
1 1 1 1 1 1 1 1 1 1 1 1 1 1 1 1 1 1 1 1 1 1 1 1 1 1 1 1 0 0 
19 20 1 15 9 3 8 3 6 25 9 4 10 14 9 2 7 16 16 20 16 16 4 19 17 8 7 0 3 16 4 5 7 3 2 16 7 24 24 10 1 12 12 1 3 22 12 5 22 19 17 14 24 4 17 4 5 5 14 15 17 27 13 25 15 21 5 14 9 10 18 3 2 8 0 15 16 11 3 14 5 25 11 23 20 5 15 2 24 15 9 7 0 27 7 17 20 8 11 3 6 9 19 11 27 7 1 23 13 9 25 1 9 21 7 17 18 8 11 18 0 10 10 13 1 15 21 20 8 2 23 12 12 9 16 26 5 23 14 1 2 17 19 11 6 19 11 8 18 9 8 11 5 22 4 25 0 24 12 17 23 8 19 17 26 0 2 5 19 23 2 14 24 20 23 10 2 14 27 4 26 4 19 22 21 15 27 1 8 20 16 8 26 20 8 10 4 1 27 8 44327
1 1 1 1 1 1 1 1 1 1 1 1 1 1 1 1 1 1 1 1 1 1 1 1 1 1 1 1 0 0 
19 20 1 15 9 3 8 3 6 25 9 4 10 14 9 2 7 16 16 20 16 16 4 19 17 8 7 0 3 16 4 5 7 3 2 16 7 24 24 10 1 12 12 1 3 22 12 5 22 19 17 14 24 4 17 4 5 5 14 15 17 27 13 25 15 21 5 14 9 10 18 3 2 8 0 15 16 11 3 14 5 25 11 23 20 5 15 2 24 15 9 7 0 27 7 17 20 8 11 3 6 9 19 11 27 7 1 23 13 9 25 1 9 21 7 17 18 8 11 18 0 10 10 13 1 15 21 20 8 2 23 12 12 9 16 26 5 23 14 1 2 17 19 11 6 19 11 8 18 9 8 11 5 22 4 25 0 24 12 17 23 8 19 17 26 0 2 5 19 23 2 14 24 20 23 10 2 14 27 4 26 4 19 22 21 15 27 1 8 20 16 8 26 20 8 10 4 1 27 8 53424
1 1 1 1 1 1 1 1 1 1 1 1 1 1 1 1 1 1 1 1 1 1 1 1 1 1 1 1 0 0 
19 20 1 15 9 3 8 3 6 25 9 4 10 14 9 2 7 16 16 20 16 16 4 19 17 8 7 0 3 16 4 5 7 3 2 16 7 24 24 10 1 12 12 1 3 22 12 5 22 19 17 14 24 4 17 4 5 5 14 15 17 27 13 25 15 21 5 14 9 10 18 3 2 8 0 15 16 11 3 14 5 25 11 23 20 5 15 2 24 15 9 7 0 27 7 17 20 8 11 3 6 9 19 11 27 7 1 23 13 9 25 1 9 21 7 17 18 8 11 18 0 10 10 13 1 15 21 20 8 2 23 12 12 9 16 26 5 23 14 1 2 17 19 11 6 19 11 8 18 9 8 11 5 22 4 25 0 24 12 17 23 8 19 17 26 0 2 5 19 23 2 14 24 20 23 10 2 14 27 4 26 4 19 22 21 15 27 1 8 20 16 8 26 20 8 10 4 1 27 8 70881
1 1 1 1 1 1 1 1 1 1 1 1 1 1 1 1 1 1 1 1 1 1 1 1 1 1 1 1 0 0 
19 20 1 15 9 3 8 3 6 25 9 4 10 14 9 2 7 16 16 20 16 16 4 19 17 8 7 0 3 16 4 5 7 3 2 16 7 24 24 10 1 12 12 1 3 22 12 5 22 19 17 14 24 4 17 4 5 5 14 15 17 27 13 25 15 21 5 14 9 10 18 3 2 8 0 15 16 11 3 14 5 25 11 23 20 5 15 2 24 15 9 7 0 27 7 17 20 8 11 3 6 9 19 11 27 7 1 23 13 9 25 1 9 21 7 17 18 8 11 18 0 10 10 13 1 15 21 20 8 2 23 12 12 9 16 26 5 23 14 1 2 17 19 11 6 19 11 8 18 9 8 11 5 22 4 25 0 24 12 17 23 8 19 17 26 0 2 5 19 23 2 14 24 20 23 10 2 14 27 4 26 4 19 22 21 15 27 1 8 20 16 8 26 20 8 10 4 1 27 8 58043
1 1 1 1 1 1 1 1 1 1 1 1 1 1 1 1 1 1 1 1 1 1 1 1 1 1 1 1 0 0 
19 20 1 15 9 3 8 3 6 25 9 4 10 14 9 2 7 16 16 20 16 16 4 19 17 8 7 0 3 16 4 5 7 3 2 16 7 24 24 10 1 12 12 1 3 22 12 5 22 19 17 14 24 4 17 4 5 5 14 15 17 27 13 25 15 21 5 14 9 10 18 3 2 8 0 15 16 11 3 14 5 25 11 23 20 5 15 2 24 15 9 7 0 27 7 17 20 8 11 3 6 9 19 11 27 7 1 23 13 9 25 1 9 21 7 17 18 8 11 18 0 10 10 13 1 15 21 20 8 2 23 12 12 9 16 26 5 23 14 1 2 17 19 11 6 19 11 8 18 9 8 11 5 22 4 25 0 24 12 17 23 8 19 17 26 0 2 5 19 23 2 14 24 20 23 10 2 14 27 4 26 4 19 22 21 15 27 1 8 20 16 8 26 20 8 10 4 1 27 8 